36000.0
0.197318077087
0.253002882004
0.464069843292
49000.0
0.265493154526
0.136213064194
0.480576992035
64000.0
0.362534046173
0.175239801407
0.514337062836
128000.0
1.05955791473
0.351116895676
0.778064012527
256000.0
2.19110393524
0.702929973602
1.09204602242
512000.0
4.59910702705
1.48949503899
1.79429221153
1024000.0
9.12934398651
2.85368704796
3.1772069931
2048000.0
18.4504711628
5.87189102173
5.83640813828
4096000.0
37.0033290386
11.6123650074
10.9317920208
8192000.0
93.1504240036
23.5226249695
21.598336935
16384000.0
185.931456089
47.5878050327
42.4011249542
32768000.0
371.583263874
95.0177490711
83.800688982
